146.09 420.44 429.94 430.81 433.83 416.23 409.09 434.83 440.5 425.94 412.64 414.61 437.88 443.32 459.62 436.93 419.81 413.65 424.79 436.1 426.71 457.66 450.29 437.07 437.62
416.06 415.72 413.33 410.87 428.08 417.94 399.92 416.63 414.09 426.1 425.17 426.56 430.92 412.82 432.42 448.91 427.53 445.4 422.11 420.26 453.16 436.99 456.91 448.37 446.38
410.16 406.33 152.5 361.45 411.35 419.71 404.31 394.11 401.98 411.85 451.87 424.36 452.2 419.29 415.3 437.51 458.93 437.38 446.79 409.62 453.91 439.37 455.41 454.46 460.48
424.7 397.45 393.32 54.08 410.65 431.93 407.67 385.98 161.39 406.42 425.1 424.91 444.16 421.45 419.03 442.14 439.41 437.34 445.43 440.38 455.49 463.05 445.14 441.8 455.45
433.26 427.34 409.99 408.02 422.27 411.38 435.06 414.38 420.63 429.33 448.25 435.64 449.48 435.7 423.73 448.82 448.38 442.59 457.39 449.95 421.99 439.97 455.61 459.14 455.89
410.26 405.2 394.4 405.93 415.39 409.19 403.51 398.71 429.16 427.75 433.95 396.6 439.51 435.58 457.33 419.45 450.43 451.54 454.76 441.65 445.05 437.27 446.75 461.56 443.31
408.23 426.55 10.47 146.61 411.66 391.86 390.35 23.53 190.37 404.59 407.43 417.24 413.51 20.5 398.38 418.7 415.38 433.56 407.94 412.03 443.77 418.17 446.01 436.8 452.26
439.13 438.92 387.35 401.3 412.76 415.48 397.34 324.07 330.66 397.96 439.04 427.31 417.81 393.43 410.25 440.06 437.72 60.2 438.63 406.07 430.94 427.97 444.52 435.71 426.85
435.38 436.36 424.14 431.44 428.67 426.18 420.22 422.12 404.21 417.11 425.14 419.35 428.84 415.08 405.44 410.49 433.94 436.12 446.64 423.43 446.03 456.17 458.86 439.61 450.32
426.17 416.81 420.3 434.23 418.57 410.15 410.87 411.99 406.1 391.17 417.8 398.56 416.49 434.83 421.83 437.81 419.87 425.38 434.62 451.86 453.86 444.24 444.58 442.64 457.21
441.18 428.6 451.88 468.67 445.35 433.46 407.92 414.05 422.87 444.99 432.42 394.26 425.44 434.22 441.5 427.03 424.38 444.74 426.81 441.79 438.87 439.49 439.96 468.51 464.41
460.98 453.54 435.59 435.49 399.9 432.74 442.78 441.15 401.75 416 410.42 423.73 410.52 413.57 411.43 430.62 431.24 435.27 404.18 417.64 431.31 439.36 439.49 423.23 414.68
424.47 445.72 437.36 442.41 413.82 412.02 433.82 431.12 400.83 423.49 414.7 409.32 425.47 405.04 416.28 435.89 425.15 426.04 409.57 406.1 438.01 451.17 435.8 421.43 419.73
430.68 448.76 436.73 441.43 441.28 418.79 437.96 216.75 419.04 416.39 428.58 399.18 394.9 398.88 413.54 441.77 416.37 438.91 423.18 416.09 419.47 444.95 435.56 441.28 442.88
423.28 428.83 431.95 450.64 442.34 434.26 415.44 424.61 441.46 415.66 426.75 427.39 428.85 425.58 418.4 424.96 412.92 428.89 423.44 425.39 427.54 431.09 437.62 441.73 438.87
417.58 409.68 445.27 439.68 462.52 429.06 433.66 435.86 433.23 445.97 403.98 409.75 414.92 445.34 433.76 409.21 393.18 416.1 425.72 431.22 409.55 414.29 430.58 440.62 433.72
447.03 439.26 437.28 448.01 433.26 445.86 439.01 436.64 423.64 407.23 439.19 401.42 420.36 420.65 424.61 434.72 406.59 436.47 403.25 423.26 430.75 426.93 435.35 407.31 418.73
421.75 436.28 428.01 439.45 450.01 440.35 421.63 437.68 386.84 407.76 425.65 442.55 412.96 45.86 402.56 422.84 393.94 413.16 394.2 412.62 429.26 422.9 431.99 387.88 398.32
445.32 461.91 438.64 454.75 446.5 424.17 436.86 432.33 346.27 430.91 422.65 420.01 432.42 401.69 403.52 435.4 421.08 411.17 392.66 414.02 444.64 437.33 433.41 398.62 400.82
440.4 442.73 463.12 450.97 453.57 448.77 443.6 426.07 445.37 447.8 430.96 433.46 441.67 463.45 436.47 424.61 432.31 417.74 421.87 432.9 448.2 429.31 467.87 459.08 453.72
450.76 464.63 460.06 441.84 448.54 443.99 425.09 436.38 453.66 441.55 425.1 423.41 429.3 453.09 446.48 429.52 402.79 432.12 431.15 423.42 421.06 408.24 439.79 456.39 438.2
453.6 454.48 444.92 445.67 449.16 441.05 426.65 431.04 433.46 410.05 435.27 432.56 410.84 90.51 402.54 408.75 404.1 110.37 387.32 410.8 411.71 388.23 48.29 405.71 216.86
452.24 451.73 453.77 457.03 451.83 441.99 441.66 453.84 453.2 411.55 436.91 435.08 439.45 410.81 405.68 425.87 410.2 413.64 415.06 415.17 435.42 406.3 404.78 424.55 423.73
452.7 450.78 453.38 449.93 466.84 433.4 449.17 442.32 442.97 428.43 414.82 447.98 429.27 457.3 422.23 434.32 409.51 419.36 405.04 421.8 427.66 421.13 397.21 406.66 401.66
452.38 459.24 436.26 456.4 450.93 442 443.6 435.59 438.88 441.38 437.41 423.28 425.88 419.84 437.45 433.82 408.5 414.96 403.55 410.42 438.16 401.45 406.31 396.49 195.91
